contaminations: [0.01 0.02 0.03 0.04 0.05 0.06 0.07 0.08 0.09 0.1  0.11 0.12 0.13 0.14
 0.15 0.16 0.17 0.18 0.19 0.2  0.21 0.22 0.23 0.24 0.25 0.26 0.27 0.28
 0.29 0.3  0.31 0.32 0.33 0.34 0.35 0.36 0.37 0.38 0.39 0.4  0.41 0.42
 0.43 0.44 0.45 0.46 0.47 0.48 0.49]
accuracies: [0.95583704 0.95481    0.95018829 0.94436837 0.94008901 0.93598083
 0.92776446 0.92108867 0.9128723  0.90448477 0.89592605 0.88702499
 0.87863745 0.87076344 0.8616912  0.85279014 0.84628552 0.83652859
 0.82831222 0.81923999 0.80965423 0.7998973  0.79202328 0.78380692
 0.77370763 0.76514892 0.75539199 0.74683328 0.73724752 0.72783293
 0.71961657 0.71088668 0.70198562 0.69376926 0.68469702 0.67545361
 0.66535433 0.65542622 0.64584047 0.63642588 0.62649777 0.61708319
 0.60783978 0.5977405  0.58849709 0.57925368 0.56949675 0.55991099
 0.54981171]
precisions: [0.72881356 0.58974359 0.48295455 0.41452991 0.3890785  0.37321937
 0.33251834 0.31196581 0.28707224 0.26666667 0.24883359 0.23252496
 0.22105263 0.21271394 0.2018244  0.19251337 0.19133938 0.18155894
 0.17657658 0.17023097 0.16299919 0.1562986  0.15401786 0.15121255
 0.14510609 0.14219882 0.13751584 0.13508557 0.13105077 0.12778095
 0.12644948 0.12459893 0.12240664 0.12134945 0.1193154  0.11697575
 0.11378353 0.11081081 0.10842845 0.10654685 0.1039666  0.10228199
 0.10071656 0.09840529 0.09699506 0.0956457  0.09395484 0.09236805
 0.09046455]
recalls: [0.15087719 0.24210526 0.29824561 0.34035088 0.4        0.45964912
 0.47719298 0.5122807  0.52982456 0.54736842 0.56140351 0.57192982
 0.58947368 0.61052632 0.62105263 0.63157895 0.66666667 0.67017544
 0.6877193  0.69824561 0.70175439 0.70526316 0.72631579 0.74385965
 0.74385965 0.75789474 0.76140351 0.7754386  0.77894737 0.78596491
 0.80350877 0.81754386 0.82807018 0.84561404 0.85614035 0.86315789
 0.86315789 0.86315789 0.86666667 0.87368421 0.87368421 0.88070175
 0.8877193  0.8877193  0.89473684 0.90175439 0.90526316 0.90877193
 0.90877193]
f1 scores: [0.25       0.34328358 0.36876356 0.37379576 0.39446367 0.41194969
 0.39193084 0.3877822  0.37237978 0.35862069 0.34482759 0.3306288
 0.3215311  0.31550317 0.30464716 0.29508197 0.29733959 0.28571429
 0.28100358 0.27372765 0.26455026 0.25588797 0.25414365 0.25133373
 0.24284078 0.23946785 0.2329576  0.2300885  0.22435574 0.21982336
 0.21851145 0.2162413  0.21328513 0.2122413  0.20944206 0.20603015
 0.20106253 0.19640719 0.19274288 0.18993135 0.1858209  0.18327857
 0.18090812 0.17717087 0.17501716 0.17294751 0.17024084 0.16769181
 0.16454892]
