lambdas: [5.4   5.404 5.408 5.412 5.416 5.42  5.424 5.428 5.432 5.436 5.44  5.444
 5.448 5.452 5.456 5.46  5.464 5.468 5.472 5.476 5.48  5.484 5.488 5.492
 5.496 5.5   5.504 5.508 5.512 5.516 5.52  5.524 5.528 5.532 5.536 5.54
 5.544 5.548 5.552 5.556 5.56  5.564 5.568 5.572 5.576 5.58  5.584 5.588
 5.592 5.596]
accuracies: [0.95977405 0.96593632 0.95926053 0.96405341 0.96713454 0.96405341
 0.95926053 0.96576515 0.96422458 0.96045875 0.96131462 0.96490928
 0.96696337 0.96508045 0.96371106 0.9661075  0.96285519 0.96987333
 0.96884629 0.97004451 0.96747689 0.95806231 0.96679219 0.96867511
 0.96422458 0.96884629 0.97090038 0.95617939 0.96850394 0.96336871
 0.97038685 0.96764807 0.9647381  0.9647381  0.96713454 0.96559397
 0.96508045 0.96234166 0.9654228  0.96867511 0.96970216 0.96953098
 0.96884629 0.96713454 0.96644985 0.96816159 0.96953098 0.97021568
 0.96833276 0.96953098]
precisions: [0.58802817 0.65693431 0.56932153 0.63250883 0.66787004 0.63066202
 0.57230769 0.66037736 0.63194444 0.58940397 0.59866221 0.64084507
 0.69827586 0.6539924  0.62207358 0.66292135 0.63709677 0.72244898
 0.71020408 0.72916667 0.72511848 0.55952381 0.6770428  0.69318182
 0.64615385 0.71729958 0.760181   0.54154728 0.69056604 0.6179402
 0.75       0.71238938 0.66390041 0.65737052 0.68979592 0.65909091
 0.65758755 0.60655738 0.71957672 0.7125     0.73684211 0.72016461
 0.73515982 0.69787234 0.72588832 0.69411765 0.72961373 0.75576037
 0.7688172  0.73568282]
recalls: [0.58596491 0.63157895 0.67719298 0.62807018 0.64912281 0.63508772
 0.65263158 0.61403509 0.63859649 0.6245614  0.62807018 0.63859649
 0.56842105 0.60350877 0.65263158 0.62105263 0.55438596 0.62105263
 0.61052632 0.61403509 0.53684211 0.65964912 0.61052632 0.64210526
 0.58947368 0.59649123 0.58947368 0.66315789 0.64210526 0.65263158
 0.58947368 0.56491228 0.56140351 0.57894737 0.59298246 0.61052632
 0.59298246 0.64912281 0.47719298 0.6        0.58947368 0.61403509
 0.56491228 0.5754386  0.50175439 0.62105263 0.59649123 0.5754386
 0.50175439 0.58596491]
f1 scores: [0.58699473 0.64400716 0.61858974 0.63028169 0.65836299 0.63286713
 0.60983607 0.63636364 0.63525305 0.60647359 0.6130137  0.6397188
 0.62669246 0.62773723 0.6369863  0.64130435 0.59287054 0.66792453
 0.65660377 0.66666667 0.61693548 0.60547504 0.64206642 0.66666667
 0.61651376 0.651341   0.66403162 0.59621451 0.66545455 0.63481229
 0.66011788 0.63013699 0.60836502 0.61567164 0.63773585 0.63387978
 0.62361624 0.62711864 0.57383966 0.65142857 0.65497076 0.66287879
 0.63888889 0.63076923 0.593361   0.65555556 0.65637066 0.65338645
 0.60721868 0.65234375]
