lambdas: [ 0.1  0.2  0.3  0.4  0.5  0.6  0.7  0.8  0.9  1.   1.1  1.2  1.3  1.4
  1.5  1.6  1.7  1.8  1.9  2.   2.1  2.2  2.3  2.4  2.5  2.6  2.7  2.8
  2.9  3.   3.1  3.2  3.3  3.4  3.5  3.6  3.7  3.8  3.9  4.   4.1  4.2
  4.3  4.4  4.5  4.6  4.7  4.8  4.9  5.   5.1  5.2  5.3  5.4  5.5  5.6
  5.7  5.8  5.9  6.   6.1  6.2  6.3  6.4  6.5  6.6  6.7  6.8  6.9  7.
  7.1  7.2  7.3  7.4  7.5  7.6  7.7  7.8  7.9  8.   8.1  8.2  8.3  8.4
  8.5  8.6  8.7  8.8  8.9  9.   9.1  9.2  9.3  9.4  9.5  9.6  9.7  9.8
  9.9 10. ]
accuracies: [0.04878466 0.04878466 0.04878466 0.04878466 0.04878466 0.04878466
 0.04878466 0.04878466 0.04878466 0.04878466 0.04878466 0.04878466
 0.04878466 0.04878466 0.04878466 0.04878466 0.04878466 0.04878466
 0.04895584 0.05460459 0.0585416  0.05169463 0.0804519  0.08558713
 0.12872304 0.18230058 0.23228346 0.15183156 0.27114002 0.31290654
 0.45446765 0.37709688 0.4940089  0.56128038 0.62393016 0.63248887
 0.68572407 0.65251626 0.78859979 0.78757275 0.8224923  0.84183499
 0.87915098 0.87812393 0.91561109 0.91304348 0.94008901 0.94317015
 0.95224238 0.95463882 0.95498117 0.95806231 0.96388223 0.95806231
 0.96901746 0.97038685 0.97090038 0.96405341 0.96884629 0.96799041
 0.96388223 0.96319754 0.96217049 0.96148579 0.96285519 0.96456693
 0.95960288 0.95857583 0.95686409 0.95498117 0.95515235 0.95566587
 0.95789113 0.95498117 0.95481    0.95292708 0.95258473 0.95395413
 0.95429647 0.95309825 0.95224238 0.95190003 0.95121534 0.95241356
 0.95172886 0.95172886 0.95121534 0.95121534 0.95121534 0.95121534
 0.95121534 0.95121534 0.95121534 0.95121534 0.95121534 0.95121534
 0.95121534 0.95121534 0.95121534 0.95121534]
precisions: [0.04878466 0.04878466 0.04878466 0.04878466 0.04878466 0.04878466
 0.04878466 0.04878466 0.04878466 0.04878466 0.04878466 0.04878466
 0.04878466 0.04878466 0.04878466 0.04878466 0.04878466 0.04878466
 0.04879301 0.04907025 0.04926534 0.04892704 0.04974332 0.05064866
 0.05302326 0.05577532 0.05752212 0.05370795 0.06157581 0.06609262
 0.07696793 0.06599379 0.08147916 0.0952381  0.10561056 0.10584251
 0.11891892 0.1120498  0.16643258 0.16666667 0.19129721 0.21138211
 0.26214689 0.26038159 0.34194529 0.33481481 0.43271222 0.44989339
 0.50773196 0.5257732  0.53055556 0.55988024 0.62758621 0.55952381
 0.72413793 0.73140496 0.79487179 0.70718232 0.81212121 0.86567164
 0.81355932 0.83653846 0.85555556 0.83333333 0.87777778 0.91489362
 0.86567164 0.87719298 0.97142857 0.89285714 0.96       0.96428571
 0.97560976 0.89285714 1.         1.         1.         0.94444444
 1.         1.         1.         1.         0.         1.
 1.         1.         0.         0.         0.         0.
 0.         0.         0.         0.         0.         0.
 0.         0.         0.         0.        ]
recalls: [1.         1.         1.         1.         1.         1.
 1.         1.         1.         1.         1.         1.
 1.         1.         1.         1.         1.         1.
 1.         1.         1.         1.         0.98596491 1.
 1.         0.98947368 0.95789474 0.98596491 0.97894737 0.99649123
 0.92631579 0.89473684 0.9122807  0.94035088 0.89824561 0.87719298
 0.84912281 0.88421053 0.83157895 0.83859649 0.81754386 0.82105263
 0.81403509 0.81403509 0.78947368 0.79298246 0.73333333 0.74035088
 0.69122807 0.71578947 0.67017544 0.65614035 0.63859649 0.65964912
 0.58947368 0.62105263 0.54385965 0.44912281 0.47017544 0.40701754
 0.33684211 0.30526316 0.27017544 0.26315789 0.27719298 0.30175439
 0.20350877 0.1754386  0.11929825 0.0877193  0.08421053 0.09473684
 0.14035088 0.0877193  0.07368421 0.03508772 0.02807018 0.05964912
 0.06315789 0.03859649 0.02105263 0.01403509 0.         0.0245614
 0.01052632 0.01052632 0.         0.         0.         0.
 0.         0.         0.         0.         0.         0.
 0.         0.         0.         0.        ]
f1 scores: [0.09303085 0.09303085 0.09303085 0.09303085 0.09303085 0.09303085
 0.09303085 0.09303085 0.09303085 0.09303085 0.09303085 0.09303085
 0.09303085 0.09303085 0.09303085 0.09303085 0.09303085 0.09303085
 0.09304603 0.09354998 0.09390445 0.09328969 0.09470846 0.09641407
 0.10070671 0.1055982  0.10852713 0.10186696 0.11586379 0.12396333
 0.14212651 0.12292119 0.14959724 0.17295902 0.18899963 0.18889309
 0.20862069 0.19889503 0.27735518 0.27806864 0.31004657 0.3362069
 0.3965812  0.39455782 0.47720042 0.47083333 0.54427083 0.5596817
 0.58543834 0.60624071 0.59224806 0.60420032 0.63304348 0.60547504
 0.64990329 0.67172676 0.64583333 0.54935622 0.59555556 0.55369928
 0.4764268  0.44730077 0.41066667 0.4        0.42133333 0.45382586
 0.32954545 0.29239766 0.2125     0.15974441 0.15483871 0.17252396
 0.24539877 0.15974441 0.1372549  0.06779661 0.05460751 0.11221122
 0.11881188 0.07432432 0.04123711 0.02768166 0.         0.04794521
 0.02083333 0.02083333 0.         0.         0.         0.
 0.         0.         0.         0.         0.         0.
 0.         0.         0.         0.        ]
