lambdas: [5.   5.02 5.04 5.06 5.08 5.1  5.12 5.14 5.16 5.18 5.2  5.22 5.24 5.26
 5.28 5.3  5.32 5.34 5.36 5.38 5.4  5.42 5.44 5.46 5.48 5.5  5.52 5.54
 5.56 5.58 5.6  5.62 5.64 5.66 5.68 5.7  5.72 5.74 5.76 5.78 5.8  5.82
 5.84 5.86 5.88 5.9  5.92 5.94 5.96 5.98]
accuracies: [0.94402602 0.95224238 0.93991784 0.94950359 0.95309825 0.95686409
 0.94128723 0.9594317  0.95515235 0.94967477 0.95806231 0.958747
 0.9647381  0.95395413 0.95686409 0.96217049 0.96182814 0.96799041
 0.96799041 0.96833276 0.96730572 0.95652174 0.96302636 0.96713454
 0.96097227 0.96816159 0.96422458 0.95617939 0.96833276 0.96422458
 0.97090038 0.96747689 0.96816159 0.9654228  0.96713454 0.96730572
 0.96679219 0.96405341 0.9654228  0.96833276 0.97021568 0.97090038
 0.96816159 0.96884629 0.96559397 0.9720986  0.97004451 0.96490928
 0.96525163 0.97090038]
precisions: [0.45248869 0.5075     0.43319838 0.48768473 0.51451187 0.54647887
 0.43855932 0.57100592 0.53050398 0.48905109 0.55780347 0.56508876
 0.63957597 0.52150538 0.545961   0.60191083 0.61397059 0.68014706
 0.68560606 0.68939394 0.70258621 0.54390935 0.6185567  0.67158672
 0.6        0.70711297 0.63669065 0.54227405 0.69685039 0.65447154
 0.760181   0.74111675 0.71806167 0.68609865 0.74093264 0.71171171
 0.73096447 0.67123288 0.7862069  0.75510204 0.78461538 0.78606965
 0.80368098 0.76142132 0.76582278 0.805      0.84375    0.77027027
 0.83064516 0.83625731]
recalls: [0.70175439 0.7122807  0.75087719 0.69473684 0.68421053 0.68070175
 0.72631579 0.67719298 0.70175439 0.70526316 0.67719298 0.67017544
 0.63508772 0.68070175 0.6877193  0.66315789 0.58596491 0.64912281
 0.63508772 0.63859649 0.57192982 0.67368421 0.63157895 0.63859649
 0.6        0.59298246 0.62105263 0.65263158 0.62105263 0.56491228
 0.58947368 0.5122807  0.57192982 0.53684211 0.50175439 0.55438596
 0.50526316 0.51578947 0.4        0.51929825 0.53684211 0.55438596
 0.45964912 0.52631579 0.4245614  0.56491228 0.47368421 0.4
 0.36140351 0.50175439]
f1 scores: [0.55020633 0.59270073 0.54942234 0.57308249 0.5873494  0.60625
 0.54689564 0.61958266 0.60422961 0.57758621 0.61172742 0.61316212
 0.63732394 0.59056317 0.60869565 0.63105175 0.59964093 0.66427289
 0.65938069 0.66302368 0.63056093 0.60188088 0.625      0.65467626
 0.6        0.64503817 0.62877442 0.59235669 0.6567718  0.60640301
 0.66403162 0.60580913 0.63671875 0.6023622  0.59832636 0.62327416
 0.59751037 0.58333333 0.53023256 0.61538462 0.6375     0.65020576
 0.58482143 0.62240664 0.5462754  0.66391753 0.60674157 0.52655889
 0.50366748 0.62719298]
